---- gme1_clip1 Video ----
First frame
 0 | 1 | 2 | 3 | 4 | 5 | 6 || Tot
0.984 | 0.000 | 0.000 | 0.330 | 0.354 | 0.978 | 0.441 |
Second frame
 0 | 1 | 2 | 3 | 4 | 5 | 6 || Tot
0.983 | 0.000 | 0.000 | 0.316 | 0.348 | 0.977 | 0.437 |

---- game1_clip2 Video ----
First frame
 0 | 1 | 2 | 3 | 4 | 5 | 6 || Tot
0.988 | 0.000 | 0.000 | 0.372 | 0.202 | 0.956 | 0.420 |
Second frame
 0 | 1 | 2 | 3 | 4 | 5 | 6 || Tot
0.989 | 0.000 | 0.000 | 0.383 | 0.199 | 0.959 | 0.422 |

---- game1_clip3 Video ----
First frame
 0 | 1 | 2 | 3 | 4 | 5 | 6 || Tot
0.991 | 0.000 | 0.000 | 0.365 | 0.000 | 0.972 | 0.388 |
Second frame
 0 | 1 | 2 | 3 | 4 | 5 | 6 || Tot
0.986 | 0.000 | 0.000 | 0.227 | 0.000 | 0.961 | 0.362 |

---- game1_clip4 Video ----
First frame
 0 | 1 | 2 | 3 | 4 | 5 | 6 || Tot
0.986 | 0.000 | 0.000 | 0.353 | 0.417 | 0.954 | 0.452 |
Second frame
 0 | 1 | 2 | 3 | 4 | 5 | 6 || Tot
0.980 | 0.000 | 0.000 | 0.391 | 0.400 | 0.941 | 0.452 |

---- game2_clip1 Video ----
First frame
 0 | 1 | 2 | 3 | 4 | 5 | 6 || Tot
0.993 | 0.000 | 0.000 | 0.192 | 0.000 | 0.974 | 0.360 |
Second frame
 0 | 1 | 2 | 3 | 4 | 5 | 6 || Tot
0.986 | 0.000 | 0.000 | 0.114 | 0.000 | 0.966 | 0.344 |

---- game2_clip2 Video ----
First frame
 0 | 1 | 2 | 3 | 4 | 5 | 6 || Tot
0.991 | 0.000 | 0.000 | 0.377 | 0.359 | 0.979 | 0.451 |
Second frame
 0 | 1 | 2 | 3 | 4 | 5 | 6 || Tot
0.988 | 0.000 | 0.000 | 0.377 | 0.358 | 0.975 | 0.450 |

---- game3_clip1 Video ----
First frame
 0 | 1 | 2 | 3 | 4 | 5 | 6 || Tot
0.994 | 0.000 | 0.000 | 0.405 | 0.108 | 0.964 | 0.412 |
Second frame
 0 | 1 | 2 | 3 | 4 | 5 | 6 || Tot
0.988 | 0.000 | 0.000 | 0.222 | 0.109 | 0.950 | 0.378 |

---- game3_clip2 Video ----
First frame
 0 | 1 | 2 | 3 | 4 | 5 | 6 || Tot
0.994 | 0.000 | 0.000 | 0.173 | 0.181 | 0.966 | 0.386 |
Second frame
 0 | 1 | 2 | 3 | 4 | 5 | 6 || Tot
0.992 | 0.000 | 0.000 | 0.214 | 0.197 | 0.960 | 0.394 |

---- game4_clip1 Video ----
First frame
 0 | 1 | 2 | 3 | 4 | 5 | 6 || Tot
0.992 | 0.000 | 0.000 | 0.000 | 0.172 | 0.977 | 0.357 |
Second frame
 0 | 1 | 2 | 3 | 4 | 5 | 6 || Tot
0.992 | 0.000 | 0.000 | 0.000 | 0.189 | 0.978 | 0.360 |

---- game4_clip2 Video ----
First frame
 0 | 1 | 2 | 3 | 4 | 5 | 6 || Tot
0.990 | 0.000 | 0.000 | 0.149 | 0.288 | 0.969 | 0.399 |
Second frame
 0 | 1 | 2 | 3 | 4 | 5 | 6 || Tot
0.983 | 0.000 | 0.000 | 0.132 | 0.378 | 0.955 | 0.408 |
