---- New Video11 ----
First frame
 0 | 1 | 2 | 3 | 4 | 5 | 6 || Tot
0.984 | 0.647 | 0.747 | 0.443 | 0.507 | 0.978 | 0.718 |
Second frame
 0 | 1 | 2 | 3 | 4 | 5 | 6 || Tot
0.983 | 0.644 | 0.753 | 0.428 | 0.471 | 0.977 | 0.709 |

---- New Video12 ----
First frame
 0 | 1 | 2 | 3 | 4 | 5 | 6 || Tot
0.988 | 0.000 | 0.893 | 0.558 | 0.314 | 0.956 | 0.618 |
Second frame
 0 | 1 | 2 | 3 | 4 | 5 | 6 || Tot
0.989 | 0.000 | 0.819 | 0.592 | 0.307 | 0.959 | 0.611 |

---- New Video13 ----
First frame
 0 | 1 | 2 | 3 | 4 | 5 | 6 || Tot
0.991 | 0.000 | 0.929 | 0.767 | 0.277 | 0.972 | 0.656 |
Second frame
 0 | 1 | 2 | 3 | 4 | 5 | 6 || Tot
0.986 | 0.000 | 0.927 | 0.713 | 0.282 | 0.961 | 0.645 |

---- New Video14 ----
First frame
 0 | 1 | 2 | 3 | 4 | 5 | 6 || Tot
0.986 | 0.715 | 0.754 | 0.273 | 0.476 | 0.954 | 0.693 |
Second frame
 0 | 1 | 2 | 3 | 4 | 5 | 6 || Tot
0.980 | 0.711 | 0.757 | 0.311 | 0.458 | 0.941 | 0.693 |

---- New Video21 ----
First frame
 0 | 1 | 2 | 3 | 4 | 5 | 6 || Tot
0.993 | 0.813 | 0.000 | 0.266 | 0.000 | 0.974 | 0.508 |
Second frame
 0 | 1 | 2 | 3 | 4 | 5 | 6 || Tot
0.986 | 0.476 | 0.000 | 0.184 | 0.000 | 0.966 | 0.436 |

---- New Video22 ----
First frame
 0 | 1 | 2 | 3 | 4 | 5 | 6 || Tot
0.991 | 0.000 | 0.000 | 0.597 | 0.259 | 0.979 | 0.471 |
Second frame
 0 | 1 | 2 | 3 | 4 | 5 | 6 || Tot
0.988 | 0.000 | 0.000 | 0.552 | 0.259 | 0.975 | 0.462 |

---- New Video31 ----
First frame
 0 | 1 | 2 | 3 | 4 | 5 | 6 || Tot
0.994 | 0.699 | 0.000 | 0.513 | 0.352 | 0.964 | 0.587 |
Second frame
 0 | 1 | 2 | 3 | 4 | 5 | 6 || Tot
0.988 | 0.438 | 0.000 | 0.285 | 0.355 | 0.950 | 0.503 |

---- New Video32 ----
First frame
 0 | 1 | 2 | 3 | 4 | 5 | 6 || Tot
0.994 | 0.368 | 0.822 | 0.446 | 0.224 | 0.966 | 0.637 |
Second frame
 0 | 1 | 2 | 3 | 4 | 5 | 6 || Tot
0.992 | 0.000 | 0.859 | 0.598 | 0.232 | 0.960 | 0.607 |

---- New Video41 ----
First frame
 0 | 1 | 2 | 3 | 4 | 5 | 6 || Tot
0.992 | 0.819 | 0.000 | 0.219 | 0.207 | 0.977 | 0.536 |
Second frame
 0 | 1 | 2 | 3 | 4 | 5 | 6 || Tot
0.992 | 0.000 | 0.000 | 0.000 | 0.220 | 0.978 | 0.365 |

---- New Video42 ----
First frame
 0 | 1 | 2 | 3 | 4 | 5 | 6 || Tot
0.990 | 0.000 | 0.000 | 0.000 | 0.309 | 0.969 | 0.378 |
Second frame
 0 | 1 | 2 | 3 | 4 | 5 | 6 || Tot
0.983 | 0.000 | 0.000 | 0.000 | 0.415 | 0.955 | 0.392 |
